0 0.5 
30 0.002 
40 500 
110 20 
140 1000 
150 0.5 
180 0.5 
210 500 
240 20 
270 500 
300 0.5 
330 0.5 
360 0.5 
390 0.5 
420 500 
450 500 
480 20 
510 500 
540 0.5 
570 0.5 
600 500 
630 500 
660 20 
690 20 
720 0.002 
750 500 
780 0.5 
810 20 
840 20 
870 15 
910 3000 
940 0.5 
970 1000 
1000 1000 
1030 0.5 
1060 0.5 
1090 7000 
1110 1000 
1140 0.5 
1170 10 
1200 15 
1230 0.5 
1260 0.5 
1290 0.5 
1320 0.5 
1350 5000 
1380 0.5 
1410 15 
1440 5000 
1470 0.5 
1500 10 
1530 15 
1560 0.5 
1590 10 
1620 0.5 
1650 0.5 
1680 1000 
1710 0.5 
1740 15 
1770 15 
1800 15 
1830 0.5 
1860 0.5 
1890 1000 
1920 0.5 
1950 0.5 
1980 15 
2010 10 
2040 0.5 
2070 15 
2100 15 
2110 0.5 
2120 0.5 
