0 671.8989141991716 
100 395.405335198093 
200 0.6821903207721968 
300 0.7788806357951077 
400 1.51111554983475 
600 1.9698283418581046 
700 36.380290323926964 
800 0.07166292696509755 
900 0.7788806357951077
1000 0.7788806357951077 
1100 0.7788806357951077 
1200 0.7788806357951077 
1300 18.751645869178965 
1400 999.9999999999998 
1500 0.13903409368122727 
1600 0.7788806357951077  
1700 0.15874010519681997 
1800 0.7788806357951077 
1900 0.7788806357951077 
2000 3.8216873049467046 
2100 0.7788806357951077 
